435.435 2466.72 541.607
435.535 2464.3 541.607
436.555 1447.52 703.137
436.655 1445.1 703.137
2763.5 781.125 420.409
2763.78 779.285 420.409
3079.095 825.06 683.1
3079.095 827.94 683.1
3233.655 1103.38 686.018
3233.655 1106.26 686.018
3434.235 702.72 743.25
3434.335 700.3 743.25
3448.775 3448.22 490.527
3448.775 3451.1 490.527
3449.355 945.76 703.686
3449.455 943.34 703.686
3452.48 4071.94 541.105
3452.6 4073.94 541.105
3452.98 2553.095 1179.32
3453.08 2550.895 1179.32
3486.855 2875.9 876.3
3486.855 2878.78 876.3
