1332.965 835.575 407.494
1332.965 837.94 407.494
1666.58 1586.22 709.312
1666.58 1588.64 709.312
2763.115 4624.22 685.222
2763.215 4626.24 685.222
2796.02 1005.605 639.809
2796.02 1052.645 444.593
2796.02 1168.755 480.36
2796.12 1007.57 639.809
2796.12 1054.61 444.593
2796.12 1166.1 480.36
2796.58 1138.885 708.836
2796.68 1140.85 708.836
2815.62 676.56 559.517
2815.62 678.32 559.517
2815.62 1091.845 921.396
2815.72 1093.81 921.396
2816.18 582.245 815.815
2816.28 584.21 815.815
3076.58 1317.715 494.76
3076.68 1315.06 494.76
3095.335 582.02 678.382
3095.335 584.9 678.382
3148.82 1325.555 547.958
3148.92 1322.9 547.958
3193.62 604.275 484.44
3193.72 601.62 484.44
3207.62 1325.555 476.133
3207.72 1322.9 476.133
3233.38 588.595 823.161
3233.48 585.94 823.161
3266.42 1325.555 611.621
3266.52 1322.9 611.621
3270.9 1325.555 443.339
3271 1322.9 443.339
3278.18 1325.555 429.464
3278.28 1322.9 429.464
3345.38 1325.555 820.421
3345.48 1322.9 820.421
3364.42 1325.555 882.452
3364.52 1322.9 882.452
3392.42 627.795 939.206
3392.52 625.14 939.206
